seq impl for 7 cpus
time: 93.097000
time: 130.413000
time: 144.075000
