akka impl for 2 cpus
time: 372.921000
time: 306.668000
time: 353.814000
time: 322.597000
