akka impl for 24 cpus
time: 89.784000
time: 96.880000
