seq impl for 24 cpus
time: 104.794000
time: 124.731000
time: 102.320000
time: 106.230000
