seq impl for 18 cpus
time: 113.707000
time: 137.826000
time: 127.590000
time: 164.958000
