seq impl for 17 cpus
time: 128.700000
time: 173.114000
time: 182.579000
time: 258.284000
