seq impl for 19 cpus
time: 50.825000
time: 60.807000
time: 61.704000
