akka impl for 19 cpus
time: 43.575000
time: 42.458000
time: 47.746000
time: 48.540000
