akka impl for 7 cpus
time: 99.632000
time: 95.104000
time: 103.239000
time: 103.987000
