time: 70.345000
time: 71.802000
time: 73.919000
