time: 32.250000
time: 36.325000
time: 38.447000
