time: 59.334000
time: 60.843000
time: 62.915000
time: 64.915000
