time: 32.008000
time: 35.718000
time: 37.111000
