time: 47.537000
time: 52.221000
time: 56.087000
time: 60.408000
