time: 22.230000
time: 26.731000
