time: 22.451000
time: 23.790000
time: 25.918000
