time: 26.172000
time: 27.335000
time: 29.757000
