time: 31.291000
time: 34.254000
time: 34.748000
time: 35.886000
