time: 20.671000
time: 20.862000
time: 21.087000
time: 22.813000
