time: 141.081000
time: 151.165000
time: 152.135000
time: 151.863000
