time: 21.005000
time: 21.328000
time: 21.558000
