time: 18.886000
time: 19.273000
