time: 44.851000
time: 48.348000
time: 49.087000
time: 52.455000
