time: 19.122000
time: 20.788000
