time: 24.993000
time: 28.203000
time: 28.543000
time: 29.470000
