time: 49.553000
time: 51.361000
time: 53.140000
time: 56.095000
