time: 18.426000
time: 19.432000
