time: 20.245000
time: 22.041000
