time: 20.480000
time: 21.644000
