time: 97.889000
time: 109.428000
