time: 25.424000
time: 26.844000
