time: 20.465000
time: 22.006000
time: 23.889000
time: 24.425000
