time: 23.257000
time: 24.301000
time: 24.986000
