time: 28.323000
time: 30.176000
time: 30.781000
time: 31.464000
