time: 100.301000
time: 102.538000
time: 102.861000
time: 103.745000
