time: 29.836000
time: 30.980000
time: 31.424000
