time: 46.404000
time: 50.740000
time: 51.471000
