time: 24.655000
time: 27.609000
time: 27.839000
time: 29.189000
