time: 26.727000
time: 27.790000
time: 28.049000
time: 29.253000
