time: 92.799000
time: 93.116000
time: 93.181000
time: 96.711000
