time: 30.707000
time: 30.742000
