time: 55.784000
time: 61.719000
time: 63.622000
time: 65.902000
