time: 28.228000
time: 28.512000
time: 30.964000
