time: 349.604000
time: 280.977000
