time: 22.667000
time: 23.867000
time: 24.297000
