time: 18.906000
time: 19.414000
