time: 22.981000
time: 23.790000
time: 24.745000
time: 24.771000
